39674
55583
29097
41953
58645
64851
21561
57613
5952
60149
14208
59264
23982
3797
46698
582
19967
15282
49229
40426
42610
55117
43854
49883
18357
28412
39077
29634
48143
64993
31454
24576
49268
64470
36986
41440
34900
37775
26993
61331
26631
50357
1018
39944
22011
25565
22374
33570
15436
51924
55849
60032
28017
3995
32252
1625
5053
62552
212
8245
5703
44581
49002
58558
29527
39120
54416
38263
21018
61967
56235
23777
14445
35881
13023
52622
42768
54848
57006
18777
29703
44075
60353
13225
14665
43219
18378
4658
4836
35072
59189
10734
17363
57681
48543
27577
37441
40306
39549
15262
47877
36880
40158
33208
3816
45012
22572
41384
33625
23759
21391
12433
29003
24774
40253
12050
12567
64225
17861
63438
22156
41291
48343
10507
46713
45430
60403
25622
39881
50644
13160
33961
48918
5841
63038
51358
7699
12365
31034
33411
47281
25994
33667
17016
22221
5955
25537
42694
45768
58138
58864
10861
63860
50335
1071
39525
20356
42839
608
19511
40192
49842
30992
39049
63952
46245
4836
29765
51298
53878
22537
43360
30147
47346
30751
10088
28374
12855
11248
4590
43448
65490
20585
41481
1527
45090
732
3722
12183
5701
48849
36564
58596
16477
11998
9234
55115
24835
10107
16104
35043
21159
11145
4635
50276
28249
10747
36867
45370
61354
4471
46745
14918
7402
52626
5944
321
47725
8305
452
31625
51433
9861
39204
64734
20139
45033
28475
23126
37275
46827
21169
49392
6374
17637
22444
14566
28981
61596
6109
52820
45440
41881
54390
17012
20836
35136
55311
39820
63551
29250
56599
38465
32538
50307
43516
26171
43502
27137
48223
63371
57446
29694
6936
60145
60950
8652
63911
22138
6001
12129
8469
16129
26356
14009
22684
12156
19956
13025
46594
1371
41517
62509
41033
20368
48302
25852
55795
40102
25827
42428
28799
1387
8888
16400
28486
45585
12841
27579
35521
10372
18627
49001
10495
55704
38656
49888
39496
43116
23700
64167
36040
27055
15187
61026
46302
34822
26956
52662
56448
56736
29602
7036
33927
16762
29011
50870
38262
28409
4949
25673
18510
37115
46840
38527
5569
27620
35801
53068
41124
36291
37138
27571
57915
3400
63754
2095
27164
51667
49469
62332
64032
13566
38805
54653
49036
59988
41337
13926
40796
35211
17986
15983
39625
52155
42826
11012
64760
55841
8025
60153
29059
52741
43688
41790
7997
37593
60311
34761
39440
22171
5953
11392
50040
20063
11366
57052
14866
61132
44796
38437
40832
16282
48958
58576
65358
42728
52402
5335
58200
17139
43126
12839
59686
36697
9863
25794
57749
58436
26591
16151
63370
10836
59230
57290
64884
35754
22002
16289
43593
45573
38740
14383
14243
20648
60527
44297
55843
61506
45880
27460
62797
43103
35249
24810
39681
11809
878
35623
59097
16598
12821
42364
34085
29470
47794
12705
18026
57476
3899
50635
63829
58506
9643
51617
35
3737
61702
30709
45625
38782
15430
24552
47265
40393
57483
62127
15222
37016
46651
22249
4166
61567
59761
40608
46405
65054
23624
11509
62527
62157
39516
7001
41354
62055
12279
32547
18522
21367
24940
48891
21928
1447
44027
38559
46875
31467
54772
52936
4765
20327
53116
6471
65451
7179
13535
28217
45851
6487
57063
59848
43909
23
53623
43348
21939
34377
50436
56979
45056
56353
124
3669
26425
10608
51065
47724
8736
37840
4030
503
63491
13120
53762
48233
52548
19038
12466
22745
21671
27269
62436
12440
12190
2084
55468
51160
29009
41361
52105
42412
6545
34830
64942
27741
54500
47252
33855
53091
61274
62925
49936
1271
22382
34684
47729
43146
22179
686
40278
29108
13752
15095
4854
6860
60385
48221
45317
47903
45535
51571
37439
19894
30122
65025
13390
11732
46928
9772
51314
49558
61012
10622
59351
4099
48798
49583
47062
34340
42634
5053
20225
5483
31728
47208
62217
12313
46519
46156
11374
64910
47376
51469
53481
44073
59246
13767
60330
46895
6745
52747
48180
45308
22303
31164
3385
64360
29709
65096
38195
23834
62931
15
24167
37336
50118
43738
54282
33008
18370
26393
49827
22199
55320
34946
39536
12379
49638
26350
38983
43741
11922
54552
11254
31321
20980
16280
20229
11526
38580
53798
21529
37088
50513
3883
39528
31445
46726
8046
6591
15848
62971
27135
50979
16236
41958
30998
49133
15913
56934
56450
7696
1175
25539
16039
31688
64814
63445
45913
60454
4831
18125
61749
30770
14760
37041
33743
47817
11272
51542
34882
47001
19492
6870
29642
32803
4802
53869
5698
9410
9635
52204
11714
5003
41379
60526
46804
43948
40607
19505
49775
65048
43681
22418
10758
33752
23175
39514
30510
54238
63404
42293
53574
60800
22210
48484
42322
40575
35873
57568
64471
33701
14257
22402
23522
34314
46627
10832
37341
60650
35164
44932
27252
53588
38445
2561
13932
9637
29862
20563
55590
35650
33373
47103
59932
54701
56641
61556
38639
38572
4681
762
4367
9400
30660
60836
21693
48860
44894
33765
32891
18524
10895
19193
6434
24263
15652
20640
57619
38661
63334
51747
5504
36230
52191
28271
17643
17269
48878
27318
43769
23211
20317
56122
18605
1176
27257
21661
23187
35201
777
8934
31035
54728
27586
62733
37195
26178
31602
7227
26
43978
3468
57266
56867
50403
25833
38687
51776
29471
49996
55262
9537
62714
38384
31786
30230
60526
33096
16363
53442
31449
27536
7121
22237
1067
10699
3889
54491
43500
23762
12713
50352
4796
18284
22831
39506
53486
20977
28301
49632
2742
40832
25282
34695
33926
37645
12958
46953
64261
41771
15523
60802
47449
4453
32354
43944
29458
26806
56428
37832
51893
25950
2186
57259
18219
41489
47083
64230
16201
6899
54298
12459
60376
63671
63617
45816
6556
52543
39159
62616
7896
21067
30415
53404
50748
8514
53024
18888
56547
50352
53500
40980
17862
59160
13073
64292
45953
27500
6211
13192
1363
34879
10254
11120
22156
58260
50337
20136
62432
28831
29540
62344
293
61094
55252
32550
51123
20347
27095
165
37431
40941
23288
59075
4853
58481
52924
2318
34006
33652
44155
22761
47838
35900
21146
40648
56594
24731
26163
62217
41270
59355
54567
33060
57857
38332
64976
17466
54299
51266
19738
3904
1577
36246
41972
28116
25655
65495
32287
59092
44928
31325
20645
25598
5597
55868
29655
3057
43187
21910
24054
39529
32190
49728
3795
12156
58728
7993
35841
